droll
01020 7cd19cb2a3491f8d
10120 f447a6eb8a96da7c
00021 959cdd6b9afa3907
22020 0
02202 7b88323ae6ed6468
00002 8479d1f8ac5ec724
00202 0
00010 dc5394fa3f9da207
00121 a983d90cabba9cf7
10020 fc3695f93b8d80c6
00020 59d3ceb315a3073
00022 a58a57dc33d75555
00110 65a535006b2461ab
20020 0
01110 17feec76944bfb26
00120 fb5c9356860efab5
01002 0
10022 0
20021 a1f264a66b35f67e
20121 0
22022 0
22202 0
02022 8d52f14bb92dea06
00222 0
10010 9b50e39c9fce73f
00210 0
01010 b38ec946d46fb6e9
11010 0
00102 0
10110 0
00220 0
11120 0
02020 0
