count
11001 0
01002 bd1ba925be0d7dd3
01022 0
12001 97f069ecea7ce852
00222 ccde06141ec415bd
00122 0
02112 0
10101 84d821650103d8dd
00012 0
20002 0
10001 5aa755cfdd8f1fa2
22202 0
02202 0
00002 ccc827bf9c106357
02011 0
00202 0
01102 33b7cb7ab2a12c72
01012 0
00112 b51affe2eb5a10e6
01011 818649be5cfdbcda
02022 6a8027b6b4160f47
02001 bb5b6902510d476
02222 0
12011 5c09a9cbcd6f7aae
02201 0
01101 903c2e822e0961ca
00001 6e736b66f830fc0f
00022 0
02002 313a16760cc1e86b
00021 d32e3af2680260c8
12201 0
01021 0
01001 fc89953aadb473b
00101 0
00201 fe5ff901031ad140
10201 0
00221 0
10111 0
10112 0
