diner
00210 afed9a57104cf8cc
00122 b6d764b1b5032a92
20020 0
01110 b4b4dc5a9267e5b2
02011 0
00010 2dc4b72834c8e4d7
01210 0
20120 0
00022 e9d8b34afc86a665
00110 7901261524b616ab
10010 0
00011 d8bde82fa146def1
02020 0
21110 0
00220 8c6679ecf0c771d5
12022 f326696921f67b74
10021 e7cdc6d821cd7670
01021 2e5c30da42c59f88
02220 0
00020 31f9a23d2e1c8f53
01020 0
20022 541b44cb926b2062
00120 8354dc8f347daba7
01222 0
10011 fc2191f5324cb065
10120 97610bdc60f48261
00021 d06c6721c7e8a787
21022 0
11021 698d9a00eeeff4ec
01022 0
20010 4e16a05e3d39dcad
22020 0
20012 3509fc8d6bd67221
11120 0
20011 4e9af19ba8def3fc
21210 0
20110 0
22022 0
10122 0
21021 0
11010 6ab5df3e87c78051
00121 a6cb3226ff715171
10020 91894195e0eea55e
10110 d6bad37ca11861d
01010 3c2293d6935c7aad
00012 4de76c04dd381b30
02022 ed486de19ffdad9b
10022 8f2cbbd0de817e39
00111 f14b65f90a4c9ae2
12110 0
11011 0
02222 5e083f68d1a2577c
02120 d3e280d9f75f80be
00222 1ffd350bb397fc4b
01122 0
10111 0
02122 0
01111 0
00221 0
02121 0
12020 0
12120 0
