manor
02002 0
11110 34052c87ad922fdf
01111 b563ff36e5321629
12001 0
01022 9badb951387e42a5
22022 959cb1c1c8a92ee3
22011 0
02200 1198561b050796c4
01100 59761873595ec500
21010 0
01001 3ceeac8c8e88a508
11100 2bb7158ba1d193e7
01000 18362082a59bc6a1
02210 0
01110 0
01011 1590fd23d2431aa5
02201 18d86b76d3381f3a
01101 8ab8dadcd560ac56
01220 0
02000 4c3abf4772419dff
01121 0
22000 817ee89da1e04446
11022 0
11011 0
01021 0
01010 ed4126720fc3c767
11001 5735e3aa1800e3c2
01002 e119f6b74a827e2c
11020 0
01120 0
02120 f4705acdb55aad46
02121 25b5594149335b7d
02020 908cd4a05a431d39
01200 0
02100 9c609ac5e0a3ce61
02010 0
22010 f09e5d92e51e9e6d
01020 0
02101 6616fa003437e953
02220 0
02011 9bea215b8a0355c7
02001 5b9ff4b97e8af403
11010 5a89822ff2029e80
02022 e5a1768070dc5fb6
22200 884efb48710db3b8
12000 0
22001 4bca3556e09007e3
01210 0
22210 0
02102 0
