crump
00200 dda2f9e5bd2ec26
20110 0
00000 a6730818e13d0c
01110 6076cb24bbb4fbb6
11000 a01ceaae88d7afb1
12000 9519f611ed10f1d5
02000 3fc2c1c51b9d2713
02010 5768f9c4d70ab432
20010 951831a11634c638
00100 e7f776ff8672a5cf
00201 0
10100 4967815ce4f5818a
20000 3880ee437c6d2552
00110 d08596eb12fe40f3
21002 0
21000 f4242a00bb752aa3
00102 0
21100 e939f4c6bd1c08eb
20200 e2be5c559700bff7
01100 8cb8da4a275ed88d
02200 b4caa9173bd05e51
22022 0
20222 0
00010 b28fe19e439a1953
20100 0
21200 0
22000 58bf030dde875018
22102 0
22220 0
02021 0
00120 7427510638d1096c
01000 ec657f4c4885c262
02002 0
11001 0
00111 2c8c0bd378e3dfb9
10000 4a1507d6b007c88c
01200 3780f8b96cf29a92
02020 0
02102 0
10200 0
00101 edd19f7c0f06cb2c
00001 3b9870da0ed245
11100 6a0ed8aa1081de05
11010 0
00011 cdf1e8cc4ead386d
10010 0
01010 e70e2658e996771
01011 0
00210 0
01210 0
10110 e3364d6df62b2118
10001 6646ee276620f637
10201 0
12001 0
02001 a65ea4efec7da516
01020 0
02101 0
10101 7c6e15d73012e81d
00021 0
00002 0
