crump
00200 7bbff0e6a8aaa1c6
20110 0
00000 ea0e56d4cf30835d
01110 84997c00011c4557
11000 c02a7073ba4c3df0
12000 62fd421ce138b17f
02000 39a917ab4dd41e0a
02010 e303880ee49ffa8d
20010 a89adf96561c57ee
00100 ada8364cb05c7af7
00201 0
10100 86c551753f9b5642
20000 cecbea4b82267544
00110 83563cb30b53054b
21002 0
21000 2a3bd7be68462821
00102 0
21100 7e0cd07c6e593826
20200 7172456794e2bb8f
01100 c762445342be1017
02200 fede3541b1c8943c
22022 0
20222 0
00010 186bd287fd431eea
20100 0
21200 0
22000 82eeaf88cefc73b8
22102 0
22220 0
02021 0
00120 6e89faf47c42da6f
01000 ece10d2855b17ab2
02002 0
11001 0
00111 a5467e6cbd9f2da9
10000 1914b74a1297633e
01200 c2e1aa3ab50696aa
02020 0
02102 0
10200 0
00101 1179a71c6e9fe0f7
00001 1f294a76b51b16ef
11100 e9f6a86a9cb579b2
11010 0
00011 a7d69d2c83bfd2f2
10010 0
01010 116bcd9cb819c879
01011 0
00210 0
01210 0
10110 a5b17f3436529362
10001 ad83b7129f93e84d
10201 0
12001 0
02001 93a8a70ee009104f
01020 0
02101 0
10101 20266d3bd500e5b8
00021 0
00002 0
