manor
02002 0
01111 1b1fead4af4b2979
11110 77d090bff20e0388
12001 0
01022 a62f57667856d373
22022 4722b593820a5bd6
22011 0
02200 1eebb41b8ad975ab
01100 b0e5cf624794807a
21010 0
01001 9250174e4ec8d948
11100 800159d79e5553c8
01000 53909f633da43c9c
02210 0
01110 0
02201 c88804c2ab4361e8
01101 2e178e23eaa9a8c8
01220 0
02000 f02b19b41c9218c4
01121 0
22000 6ae0318cc8316a30
11022 0
11011 0
01021 0
01010 ae29e9dfdd882b54
11001 381a61d42ad6b532
01002 72f70da03f58e26
11020 0
01120 0
02120 b5c70a11d2ec2fa5
02121 4583c39c7ba8c93c
02020 734bbed6a979ac2f
01011 eca7f59ca7419a29
01200 0
02100 5d8342e8e8e681cd
02010 0
22010 2bdaae26e45d8622
01020 0
02101 cc4fba8c07392e8e
02220 0
02011 661f7a6b79a26db3
02001 9aa08678a2104928
11010 f43739ed3242e2c0
02022 662267ba4bae19fd
22200 5a8b9181cf32c406
12000 0
22001 1aa3c0025dc44201
01210 0
22210 0
02102 0
