meter
02100 279de76cf64d68dc
01100 3ece91581bc5dfaf
02200 55347b07261cdbcd
00120 1de33b5dc722e692
02120 1b8ddf2154f1771a
12100 0
02201 bbf36432a50431d0
01101 702d424042029663
02121 0
10120 73942de8313e725f
02222 0
01121 80f18c62b5fb4f58
00122 ad90544a1453b739
01110 cbf3428dd273ba33
01222 0
02101 25582f829431629
01201 0
01111 26c797908968ebb6
01122 0
02102 0
00222 61839596a367a1c5
22101 0
22201 0
00220 55b3dec4a81d23b5
12101 0
00121 6a29da74b810d3b8
01102 0
10122 0
10220 0
01120 f9e4e8993b5fb8c2
