droll
01020 d81718d835005666
10120 f8b9cd17f3b0b170
00021 764c2b895b6e0139
22020 0
02202 7edabc5b7908fa45
00002 f448a3ff12b3258b
00202 0
00010 bcd226b5a56d2d73
00121 c7bc6979e1864647
10020 fc6cec065baca284
00020 ec11c05f5dc8dbf9
00022 67c577c0d8557001
00110 58cfad66d9bc92d4
20020 0
01110 a3959dbca7deb599
00120 f4458bf586433e04
01002 0
10022 0
20021 393952d555cbe024
20121 0
22022 0
22202 0
02022 2393973c7e831532
00222 0
10010 8af00d6cc81f80ec
00210 0
01010 9bc0f5da67dfd171
11010 0
00102 0
10110 0
00220 0
11120 0
02020 0
