drone
12002 191a0efeae92a1b0
20002 0
00012 3adf12751978172a
20012 0
00002 ff020e90fa580981
02202 182c0a3e9be7de38
00202 c868ef909a566714
01122 0
12202 0
10002 a17a14769e4e7ad4
02002 f3438ce90ecf133f
02022 d945bb0c2570bf05
01202 0
00102 52924ab31a540840
02222 fcb671974c36fa0f
01002 dc3b36426575b597
20202 0
21002 0
20102 0
22002 0
11002 0
22202 0
01102 a38b60f1c7dfe019
01012 857ce8962a549406
00212 0
11102 0
10012 dbd48c65382c2594
00122 68e09e05f927f8b3
00112 0
10102 0
00222 ea9460896ef6e896
00022 916ac269c9df3459
