diner
00210 da82b9efb766c25b
00122 e7be91e508576f70
20020 0
01110 a3a835c20d4ebc
02011 0
00010 de4bf2e60458e46d
01210 0
20120 0
00022 cc48030fc90379e
00110 f260d782db506f60
10010 0
00011 b88d1f979da5dbfb
02020 0
21110 0
00220 38c1a0a1e02abf59
12022 af2ee8c7727bd9b3
10021 be2bb21b8a8609af
01021 cd9b5aacb1ff2e9e
02220 0
00020 40b7e89131e5f663
01020 0
20022 b74affc522083305
00120 d6456844ddafcdff
01222 0
10011 e3fcac633e5d3ef5
10120 c812a9b369544a18
00021 7ed2dce307a8dbc7
21022 0
11021 ef2ee4cab0ab4996
01022 0
20010 73944e697d114d7b
22020 0
20012 30010b139412ce4e
11120 0
20011 fa675129d8121f32
21210 0
20110 0
22022 0
10122 0
21021 0
11010 1f84b903816823ae
00121 4004afcef38f5c08
10020 ef846a659f7b3a9d
10110 797769fa4a0d6100
01010 3807c6b8ea2b8220
00012 b1a7421b423206f4
02022 2927e6d0216ff22f
10022 d3ac8394f3d1f15c
00111 4032631010a3e512
12110 0
11011 0
02222 fc7805c2452e6489
02120 a8718dcf34570163
00222 9c0545cb3fa35bfc
01122 0
10111 0
02122 0
01111 0
00221 0
02121 0
12020 0
12120 0
