deter
02100 df1d916814366525
00120 d89e93d8ec7f437c
02120 bf228bde6b387384
12100 66a967963ab47ccc
02201 1ea90bb9511ff41
01101 46fd396b971a9c9a
02121 0
01102 0
22100 59dd9086ef8ed768
22200 0
20120 0
11100 0
01121 458ecefbf9b65a95
02200 0
01100 b4c6872746701ebc
00122 129a4a8861c86b7c
01110 654df94f1233c673
01222 0
02101 63a88219f241c86b
12200 0
01201 0
01111 23cf600e76ac57d9
01122 0
02102 0
00222 9e97bde104596cf9
02222 0
00220 8683b982d2d54e43
00121 2bd873dc63193ec7
11101 0
10121 0
11120 0
01120 0
