count
11001 0
01002 bca4b3e8809dc320
01022 0
12001 fc02ef7360f375a4
00222 c351cfcf5dd0737d
00122 0
02112 0
10101 d32e4326a18d0536
00012 0
20002 0
10001 db29ba74e8967caa
22202 0
02202 0
00002 5efb7d99ed47153c
02011 0
00202 0
01102 ceffe3dfccd7d462
01012 0
00112 7f7ca5d8a75ac19a
01011 16ab272e58f6303d
02022 dce6c21c72f5d74e
02001 14f8bf7d849fc68b
02222 0
12011 5415d296c79094c6
02201 0
01101 4e382c482c0218ba
00001 f47206f41426dd15
00022 0
02002 765228ffc0325de3
00021 fe854172d069f8b2
12201 0
01021 0
01001 db253df5db3fbdc9
00101 0
00201 29cdc229987b2384
10201 0
00221 0
10111 0
10112 0
