drone
12002 bc9736928b73e963
20002 0
00012 472f7677c94814b6
20012 0
00002 d4438ddac9380114
02202 71557b83991f6504
00202 ad2f116e81e94601
01122 0
12202 0
10002 b49d04cad946fbd7
02002 c2ac5525a7d72f14
02022 8045cd3c8939a1ad
01202 0
00102 c00bcd9e226435d9
02222 82bb5a6733a365cc
01002 391551ab12c3b130
20202 0
21002 0
20102 0
22002 0
11002 0
22202 0
01102 4e1daac1e2321bb5
01012 6849856a66033b1
00212 0
11102 0
10012 28d7c326c74adea3
00122 79cbb7e0f9f1b560
00112 0
10102 0
00222 bccdf758746d9ded
00022 44cb25785f70e695
